%YAML:1.0
---
R: !!opencv-matrix
   rows: 3
   cols: 3
   dt: d
   data: [ 9.9869045052163685e-01, 1.5946605382619623e-02,
       4.8611622207669111e-02, -1.6160607831433509e-02,
       9.9986135801286868e-01, 4.0124191182757197e-03,
       -4.8540898131459745e-02, -4.7927580194603451e-03,
       9.9880969692887855e-01 ]
T: !!opencv-matrix
   rows: 3
   cols: 1
   dt: d
   data: [ -2.5793116212633549e+01, 4.1823468870717608e+00,
       5.1124241352904920e-01 ]
R1: !!opencv-matrix
   rows: 3
   cols: 3
   dt: d
   data: [ 9.8916181495410949e-01, -1.4417463534110542e-01,
       2.7795293863374981e-02, 1.4406901556154056e-01,
       9.8955078339316771e-01, 5.7763172607213182e-03,
       -2.8337653251825051e-02, -1.7092718412256985e-03,
       9.9959694667298393e-01 ]
R2: !!opencv-matrix
   rows: 3
   cols: 3
   dt: d
   data: [ 9.8691853692378961e-01, -1.6002857648797392e-01,
       -1.9561599715754538e-02, 1.5994112205862568e-01,
       9.8710852425085016e-01, -5.9664751684966304e-03,
       2.0264228355269670e-02, 2.7597207360853314e-03,
       9.9979085062358142e-01 ]
P1: !!opencv-matrix
   rows: 3
   cols: 4
   dt: d
   data: [ 1.0898844492071062e+03, 0., 6.3868812561035156e+02, 0., 0.,
       1.0898844492071062e+03, 4.7822922897338867e+02, 0., 0., 0., 1.,
       0. ]
P2: !!opencv-matrix
   rows: 3
   cols: 4
   dt: d
   data: [ 1.0898844492071062e+03, 0., 6.3868812561035156e+02,
       -2.8484130356254307e+04, 0., 1.0898844492071062e+03,
       4.7822922897338867e+02, 0., 0., 0., 1., 0. ]
Q: !!opencv-matrix
   rows: 4
   cols: 4
   dt: d
   data: [ 1., 0., 0., -6.3868812561035156e+02, 0., 1., 0.,
       -4.7822922897338867e+02, 0., 0., 0., 1.0898844492071062e+03, 0.,
       0., 3.8262865517598596e-02, 0. ]
