%YAML:1.0
---
R: !!opencv-matrix
   rows: 3
   cols: 3
   dt: d
   data: [ 9.9835319050942084e-01, 1.6342202943474125e-02,
       5.4989448102470202e-02, -1.6795564914775962e-02,
       9.9982857841943573e-01, 7.7924819514558321e-03,
       -5.4852675402878075e-02, -8.7032280634557497e-03,
       9.9845652775792992e-01 ]
T: !!opencv-matrix
   rows: 3
   cols: 1
   dt: d
   data: [ -2.6344681490401701e+01, 3.5314146447696508e+00,
       4.2933310920543599e+00 ]
R1: !!opencv-matrix
   rows: 3
   cols: 3
   dt: d
   data: [ 9.8779162124896691e-01, -1.1375799507947752e-01,
       -1.0642758827406990e-01, 1.1518899928949831e-01,
       9.9331620390462938e-01, 7.3765509000341730e-03,
       1.0487710633413433e-01, -1.9545782562855156e-02,
       9.9429309308220803e-01 ]
R2: !!opencv-matrix
   rows: 3
   cols: 3
   dt: d
   data: [ 9.7845346604828065e-01, -1.3115834786187949e-01,
       -1.5945627163660903e-01, 1.3163791240640044e-01,
       9.9126874539567378e-01, -7.5983168512385370e-03,
       1.5906060101543268e-01, -1.3555891259123747e-02,
       9.8717575082493814e-01 ]
P1: !!opencv-matrix
   rows: 3
   cols: 4
   dt: d
   data: [ 1.0581945809722633e+03, 0., 8.6814037322998047e+02, 0., 0.,
       1.0581945809722633e+03, 3.6266990661621094e+02, 0., 0., 0., 1.,
       0. ]
P2: !!opencv-matrix
   rows: 3
   cols: 4
   dt: d
   data: [ 1.0581945809722633e+03, 0., 8.6814037322998047e+02,
       -2.8491696496487002e+04, 0., 1.0581945809722633e+03,
       3.6266990661621094e+02, 0., 0., 0., 1., 0. ]
Q: !!opencv-matrix
   rows: 4
   cols: 4
   dt: d
   data: [ 1., 0., 0., -8.6814037322998047e+02, 0., 1., 0.,
       -3.6266990661621094e+02, 0., 0., 0., 1.0581945809722633e+03, 0.,
       0., 3.7140455328896885e-02, 0. ]
