%YAML:1.0
---
M1: !!opencv-matrix
   rows: 3
   cols: 3
   dt: d
   data: [ 1.3699348287854671e+03, 0., 6.3512068566048197e+02, 0.,
       1.3688186915416097e+03, 4.8263709595380880e+02, 0., 0., 1. ]
D1: !!opencv-matrix
   rows: 1
   cols: 14
   dt: d
   data: [ -4.4828928334843580e-02, -2.7903231915162424e-01, 0., 0., 0.,
       0., 0., -1.1967902240470283e+00, 0., 0., 0., 0., 0., 0. ]
M2: !!opencv-matrix
   rows: 3
   cols: 3
   dt: d
   data: [ 1.3699348287854671e+03, 0., 6.5359776492705498e+02, 0.,
       1.3688186915416097e+03, 4.7231128041902042e+02, 0., 0., 1. ]
D2: !!opencv-matrix
   rows: 1
   cols: 14
   dt: d
   data: [ -7.8588044906903104e-02, 7.8754076712866064e-02, 0., 0., 0.,
       0., 0., 1.5988671944768593e-01, 0., 0., 0., 0., 0., 0. ]
