%YAML:1.0
---
M1: !!opencv-matrix
   rows: 3
   cols: 3
   dt: d
   data: [ 1.4096784351993861e+03, 0., 6.4096045519157281e+02, 0.,
       1.4073689162451326e+03, 3.6076795264127998e+02, 0., 0., 1. ]
D1: !!opencv-matrix
   rows: 1
   cols: 14
   dt: d
   data: [ -1.2228418764124338e-01, 3.0033247413187542e-01, 0., 0., 0.,
       0., 0., -9.8063522498347466e-01, 0., 0., 0., 0., 0., 0. ]
M2: !!opencv-matrix
   rows: 3
   cols: 3
   dt: d
   data: [ 1.4096784351993861e+03, 0., 6.3991485961866169e+02, 0.,
       1.4073689162451326e+03, 3.5746208838711567e+02, 0., 0., 1. ]
D2: !!opencv-matrix
   rows: 1
   cols: 14
   dt: d
   data: [ 1.0618071782033495e-02, -2.7967385748245210e-01, 0., 0., 0.,
       0., 0., -1.6080194373770020e+00, 0., 0., 0., 0., 0., 0. ]
