%YAML:1.0
---
V1: [ 230, 175, 898, 610 ]
V2: [ 147, 176, 906, 607 ]
